
             PCHA(GDP       PCHY(GDP   GDP_R_U       PCHA(GDP       PCHY(GDP   GDP_R_J 
        _R_US_SOLQ!Q)  _R_US_SOLQ!Q)  S_SOLA!A  _R_JP_SOLQ!Q)  _R_JP_SOLQ!Q)  P_SOLA!A 
  2019                                                                                 
  q1           3.0961         2.6523                   2.5909         0.8051           
  q2           2.0138         2.2783                   2.1487         0.8925           
  q3           2.1035         2.0733                   0.0154         1.7527           
  q4           2.1267         2.3341                  -7.2221        -0.6968           
  a                                       2.33                                    0.69 
                                                                                       
  2020                                                                                 
  q1          -4.9939         0.2646                  -2.2416        -1.8874           
  q2         -35.7236       -10.6703                 -13.5645        -5.9000           
  q3          11.6612        -8.6495                   0.9908        -5.6714           
  q4           9.1063        -7.1271                   2.5218        -3.2867           
  a                                      -6.56                                   -4.19 
                                                                                       
  2021                                                                                 
  q1           9.2109        -3.8349                   4.0926        -1.7568           
  q2           7.1861         9.2796                   3.2881         2.7169           
  q3           6.0146         7.8711                   2.7115         3.1517           
  q4           6.5211         7.2263                   2.1145         3.0491           
  a                                       4.93                                    1.76 
                                                                                       
  2022                                                                                 
  q1           4.7755         6.1207                   2.0140         2.5307           
  q2           4.2555         5.3877                   1.7430         2.1451           
  q3           3.9473         4.8701                   1.5698         1.8601           
  q4           3.6395         4.1536                   1.3968         1.6806           
  a                                       5.12                                    2.05 
                                                                                       
  2023                                                                                 
  q1           3.3638         3.8010                   1.2386         1.4869           
  q2           3.1059         3.5136                   1.1576         1.3406           
  q3           2.9009         3.2521                   1.1011         1.2235           
  q4           2.6959         3.0163                   1.0445         1.1354           
  a                                       3.39                                    1.30 
                                                                                       
  2024                                                                                 
  q1           2.4570         2.7897                   0.9874         1.0726           
  q2           2.3087         2.5904                   0.9385         1.0179           
  q3           2.3071         2.4421                   0.8820         0.9631           
  q4           2.3056         2.3446                   0.8254         0.9083           
  a                                       2.54                                    0.99 
                                                                                       
  2025                                                                                 
  q1           2.3214         2.3107                   0.8669         0.8782           
  q2           1.7339         2.1667                   0.6469         0.8052           
  q3           1.7332         2.0231                   0.5902         0.7323           
  q4           1.7325         1.8799                   0.5334         0.6593           
  a                                       2.09                                    0.77 
